      0      0     -5       0.000000E+000       0.000000E+000       1.000000E+000       0.000000E+000       0.000000E+000       0.000000E+000
      0     -3     -4       0.000000E+000       0.000000E+000       1.000000E+000       0.000000E+000       0.000000E+000       0.000000E+000
     -2     -2     -4       0.000000E+000       0.000000E+000       9.996117E-001      -2.786566E-002       0.000000E+000       0.000000E+000
     -1     -2     -4       0.000000E+000       0.000000E+000       9.999029E-001      -1.393418E-002       0.000000E+000       0.000000E+000
      0     -2     -4       0.000000E+000       0.000000E+000       1.000000E+000       0.000000E+000       0.000000E+000       0.000000E+000
      1     -2     -4       0.000000E+000       0.000000E+000       9.999029E-001       1.393418E-002       0.000000E+000       0.000000E+000
      2     -2     -4       0.000000E+000       0.000000E+000       9.996117E-001       2.786566E-002       0.000000E+000       0.000000E+000
     -2     -1     -4       0.000000E+000       0.000000E+000       9.996117E-001      -2.786566E-002       0.000000E+000       0.000000E+000
     -1     -1     -4       0.000000E+000       0.000000E+000       9.999029E-001      -1.393418E-002       0.000000E+000       0.000000E+000
      0     -1     -4       0.000000E+000       0.000000E+000       1.000000E+000       0.000000E+000       0.000000E+000       0.000000E+000
      1     -1     -4       0.000000E+000       0.000000E+000       9.999029E-001       1.393418E-002       0.000000E+000       0.000000E+000
      2     -1     -4       0.000000E+000       0.000000E+000       9.996117E-001       2.786566E-002       0.000000E+000       0.000000E+000
     -3      0     -4       0.000000E+000       0.000000E+000       9.991263E-001      -4.179172E-002       0.000000E+000       0.000000E+000
     -2      0     -4       0.000000E+000       0.000000E+000       9.996117E-001      -2.786566E-002       0.000000E+000       0.000000E+000
     -1      0     -4       0.000000E+000       0.000000E+000       9.999029E-001      -1.393418E-002       0.000000E+000       0.000000E+000
      0      0     -4       0.000000E+000       0.000000E+000       1.000000E+000       0.000000E+000       0.000000E+000       0.000000E+000
      1      0     -4       0.000000E+000       0.000000E+000       9.999029E-001       1.393418E-002       0.000000E+000       0.000000E+000
      2      0     -4       0.000000E+000       0.000000E+000       9.996117E-001       2.786566E-002       0.000000E+000       0.000000E+000
      3      0     -4       0.000000E+000       0.000000E+000       9.991263E-001       4.179172E-002       0.000000E+000       0.000000E+000
     -2      1     -4       0.000000E+000       0.000000E+000       9.996117E-001      -2.786566E-002       0.000000E+000       0.000000E+000
     -1      1     -4       0.000000E+000       0.000000E+000       9.999029E-001      -1.393418E-002       0.000000E+000       0.000000E+000
      0      1     -4       0.000000E+000       0.000000E+000       1.000000E+000       0.000000E+000       0.000000E+000       0.000000E+000
      1      1     -4       0.000000E+000       0.000000E+000       9.999029E-001       1.393418E-002       0.000000E+000       0.000000E+000
      2      1     -4       0.000000E+000       0.000000E+000       9.996117E-001       2.786566E-002       0.000000E+000       0.000000E+000
     -2      2     -4       0.000000E+000       0.000000E+000       9.996117E-001      -2.786566E-002       0.000000E+000       0.000000E+000
     -1      2     -4       0.000000E+000       0.000000E+000       9.999029E-001      -1.393418E-002       0.000000E+000       0.000000E+000
      0      2     -4       0.000000E+000       0.000000E+000       1.000000E+000       0.000000E+000       0.000000E+000       0.000000E+000
      1      2     -4       0.000000E+000       0.000000E+000       9.999029E-001       1.393418E-002       0.000000E+000       0.000000E+000
      2      2     -4       0.000000E+000       0.000000E+000       9.996117E-001       2.786566E-002       0.000000E+000       0.000000E+000
      0      3     -4       0.000000E+000       0.000000E+000       1.000000E+000       0.000000E+000       0.000000E+000       0.000000E+000
      0     -4     -3       0.000000E+000       0.000000E+000       1.000000E+000       0.000000E+000       0.000000E+000       0.000000E+000
     -2     -3     -3       0.000000E+000       0.000000E+000       9.996117E-001      -2.786566E-002       0.000000E+000       0.000000E+000
     -1     -3     -3       0.000000E+000       0.000000E+000       9.999029E-001      -1.393418E-002       0.000000E+000       0.000000E+000
      0     -3     -3       0.000000E+000       0.000000E+000       1.000000E+000       0.000000E+000       0.000000E+000       0.000000E+000
      1     -3     -3       0.000000E+000       0.000000E+000       9.999029E-001       1.393418E-002       0.000000E+000       0.000000E+000
      2     -3     -3       0.000000E+000       0.000000E+000       9.996117E-001       2.786566E-002       0.000000E+000       0.000000E+000
     -3     -2     -3       0.000000E+000       0.000000E+000       9.991263E-001      -4.179172E-002       0.000000E+000       0.000000E+000
     -2     -2     -3       0.000000E+000       0.000000E+000       9.996117E-001      -2.786566E-002       0.000000E+000       0.000000E+000
     -1     -2     -3       0.000000E+000       0.000000E+000       9.999029E-001      -1.393418E-002       0.000000E+000       0.000000E+000
      0     -2     -3       0.000000E+000       0.000000E+000       1.000000E+000       0.000000E+000       0.000000E+000       0.000000E+000
      1     -2     -3       0.000000E+000       0.000000E+000       9.999029E-001       1.393418E-002       0.000000E+000       0.000000E+000
      2     -2     -3       0.000000E+000       0.000000E+000       9.996117E-001       2.786566E-002       0.000000E+000       0.000000E+000
      3     -2     -3       0.000000E+000       0.000000E+000       9.991263E-001       4.179172E-002       0.000000E+000       0.000000E+000
     -3     -1     -3       0.000000E+000       0.000000E+000       9.991263E-001      -4.179172E-002       0.000000E+000       0.000000E+000
     -2     -1     -3       0.000000E+000       0.000000E+000       9.996117E-001      -2.786566E-002       0.000000E+000       0.000000E+000
     -1     -1     -3       0.000000E+000       0.000000E+000       9.999029E-001      -1.393418E-002       0.000000E+000       0.000000E+000
      0     -1     -3       0.000000E+000       0.000000E+000       1.000000E+000       0.000000E+000       0.000000E+000       0.000000E+000
      1     -1     -3       0.000000E+000       0.000000E+000       9.999029E-001       1.393418E-002       0.000000E+000       0.000000E+000
      2     -1     -3       0.000000E+000       0.000000E+000       9.996117E-001       2.786566E-002       0.000000E+000       0.000000E+000
      3     -1     -3       0.000000E+000       0.000000E+000       9.991263E-001       4.179172E-002       0.000000E+000       0.000000E+000
     -4      0     -3       0.000000E+000       0.000000E+000       9.984470E-001      -5.570967E-002       0.000000E+000       0.000000E+000
     -3      0     -3       0.000000E+000       0.000000E+000       9.991263E-001      -4.179172E-002       0.000000E+000       0.000000E+000
     -2      0     -3       0.000000E+000       0.000000E+000       9.996117E-001      -2.786566E-002       0.000000E+000       0.000000E+000
     -1      0     -3       0.000000E+000       0.000000E+000       9.999029E-001      -1.393418E-002       0.000000E+000       0.000000E+000
      0      0     -3       0.000000E+000       0.000000E+000       1.000000E+000       0.000000E+000       0.000000E+000       0.000000E+000
      1      0     -3       0.000000E+000       0.000000E+000       9.999029E-001       1.393418E-002       0.000000E+000       0.000000E+000
      2      0     -3       0.000000E+000       0.000000E+000       9.996117E-001       2.786566E-002       0.000000E+000       0.000000E+000
      3      0     -3       0.000000E+000       0.000000E+000       9.991263E-001       4.179172E-002       0.000000E+000       0.000000E+000
      4      0     -3       0.000000E+000       0.000000E+000       9.984470E-001       5.570967E-002       0.000000E+000       0.000000E+000
     -3      1     -3       0.000000E+000       0.000000E+000       9.991263E-001      -4.179172E-002       0.000000E+000       0.000000E+000
     -2      1     -3       0.000000E+000       0.000000E+000       9.996117E-001      -2.786566E-002       0.000000E+000       0.000000E+000
     -1      1     -3       0.000000E+000       0.000000E+000       9.999029E-001      -1.393418E-002       0.000000E+000       0.000000E+000
      0      1     -3       0.000000E+000       0.000000E+000       1.000000E+000       0.000000E+000       0.000000E+000       0.000000E+000
      1      1     -3       0.000000E+000       0.000000E+000       9.999029E-001       1.393418E-002       0.000000E+000       0.000000E+000
      2      1     -3       0.000000E+000       0.000000E+000       9.996117E-001       2.786566E-002       0.000000E+000       0.000000E+000
      3      1     -3       0.000000E+000       0.000000E+000       9.991263E-001       4.179172E-002       0.000000E+000       0.000000E+000
     -3      2     -3       0.000000E+000       0.000000E+000       9.991263E-001      -4.179172E-002       0.000000E+000       0.000000E+000
     -2      2     -3       0.000000E+000       0.000000E+000       9.996117E-001      -2.786566E-002       0.000000E+000       0.000000E+000
     -1      2     -3       0.000000E+000       0.000000E+000       9.999029E-001      -1.393418E-002       0.000000E+000       0.000000E+000
      0      2     -3       0.000000E+000       0.000000E+000       1.000000E+000       0.000000E+000       0.000000E+000       0.000000E+000
      1      2     -3       0.000000E+000       0.000000E+000       9.999029E-001       1.393418E-002       0.000000E+000       0.000000E+000
      2      2     -3       0.000000E+000       0.000000E+000       9.996117E-001       2.786566E-002       0.000000E+000       0.000000E+000
      3      2     -3       0.000000E+000       0.000000E+000       9.991263E-001       4.179172E-002       0.000000E+000       0.000000E+000
     -2      3     -3       0.000000E+000       0.000000E+000       9.996117E-001      -2.786566E-002       0.000000E+000       0.000000E+000
     -1      3     -3       0.000000E+000       0.000000E+000       9.999029E-001      -1.393418E-002       0.000000E+000       0.000000E+000
      0      3     -3       0.000000E+000       0.000000E+000       1.000000E+000       0.000000E+000       0.000000E+000       0.000000E+000
      1      3     -3       0.000000E+000       0.000000E+000       9.999029E-001       1.393418E-002       0.000000E+000       0.000000E+000
      2      3     -3       0.000000E+000       0.000000E+000       9.996117E-001       2.786566E-002       0.000000E+000       0.000000E+000
      0      4     -3       0.000000E+000       0.000000E+000       1.000000E+000       0.000000E+000       0.000000E+000       0.000000E+000
     -2     -4     -2       0.000000E+000       0.000000E+000       9.996117E-001      -2.786566E-002       0.000000E+000       0.000000E+000
     -1     -4     -2       0.000000E+000       0.000000E+000       9.999029E-001      -1.393418E-002       0.000000E+000       0.000000E+000
      0     -4     -2       0.000000E+000       0.000000E+000       1.000000E+000       0.000000E+000       0.000000E+000       0.000000E+000
      1     -4     -2       0.000000E+000       0.000000E+000       9.999029E-001       1.393418E-002       0.000000E+000       0.000000E+000
      2     -4     -2       0.000000E+000       0.000000E+000       9.996117E-001       2.786566E-002       0.000000E+000       0.000000E+000
     -3     -3     -2       0.000000E+000       0.000000E+000       9.991263E-001      -4.179172E-002       0.000000E+000       0.000000E+000
     -2     -3     -2       0.000000E+000       0.000000E+000       9.996117E-001      -2.786566E-002       0.000000E+000       0.000000E+000
     -1     -3     -2       0.000000E+000       0.000000E+000       9.999029E-001      -1.393418E-002       0.000000E+000       0.000000E+000
      0     -3     -2       0.000000E+000       0.000000E+000       1.000000E+000       0.000000E+000       0.000000E+000       0.000000E+000
      1     -3     -2       0.000000E+000       0.000000E+000       9.999029E-001       1.393418E-002       0.000000E+000       0.000000E+000
      2     -3     -2       0.000000E+000       0.000000E+000       9.996117E-001       2.786566E-002       0.000000E+000       0.000000E+000
      3     -3     -2       0.000000E+000       0.000000E+000       9.991263E-001       4.179172E-002       0.000000E+000       0.000000E+000
     -4     -2     -2       0.000000E+000       0.000000E+000       9.984470E-001      -5.570967E-002       0.000000E+000       0.000000E+000
     -3     -2     -2       0.000000E+000       0.000000E+000       9.991263E-001      -4.179172E-002       0.000000E+000       0.000000E+000
     -2     -2     -2       0.000000E+000       0.000000E+000       9.996117E-001      -2.786566E-002       0.000000E+000       0.000000E+000
     -1     -2     -2       0.000000E+000       0.000000E+000       9.999029E-001      -1.393418E-002       0.000000E+000       0.000000E+000
      0     -2     -2       0.000000E+000       0.000000E+000       1.000000E+000       0.000000E+000       0.000000E+000       0.000000E+000
      1     -2     -2       0.000000E+000       0.000000E+000       9.999029E-001       1.393418E-002       0.000000E+000       0.000000E+000
      2     -2     -2       0.000000E+000       0.000000E+000       9.996117E-001       2.786566E-002       0.000000E+000       0.000000E+000
      3     -2     -2       0.000000E+000       0.000000E+000       9.991263E-001       4.179172E-002       0.000000E+000       0.000000E+000
      4     -2     -2       0.000000E+000       0.000000E+000       9.984470E-001       5.570967E-002       0.000000E+000       0.000000E+000
     -4     -1     -2       0.000000E+000       0.000000E+000       9.984470E-001      -5.570967E-002       0.000000E+000       0.000000E+000
     -3     -1     -2       0.000000E+000       0.000000E+000       9.991263E-001      -4.179172E-002       0.000000E+000       0.000000E+000
     -2     -1     -2       0.000000E+000       0.000000E+000       9.996117E-001      -2.786566E-002       0.000000E+000       0.000000E+000
     -1     -1     -2       0.000000E+000       0.000000E+000       9.999029E-001      -1.393418E-002       0.000000E+000       0.000000E+000
      0     -1     -2       0.000000E+000       0.000000E+000       1.000000E+000       0.000000E+000       0.000000E+000       0.000000E+000
      1     -1     -2       0.000000E+000       0.000000E+000       9.999029E-001       1.393418E-002       0.000000E+000       0.000000E+000
      2     -1     -2       0.000000E+000       0.000000E+000       9.996117E-001       2.786566E-002       0.000000E+000       0.000000E+000
      3     -1     -2       0.000000E+000       0.000000E+000       9.991263E-001       4.179172E-002       0.000000E+000       0.000000E+000
      4     -1     -2       0.000000E+000       0.000000E+000       9.984470E-001       5.570967E-002       0.000000E+000       0.000000E+000
     -4      0     -2       0.000000E+000       0.000000E+000       9.984470E-001      -5.570967E-002       0.000000E+000       0.000000E+000
     -3      0     -2       0.000000E+000       0.000000E+000       9.991263E-001      -4.179172E-002       0.000000E+000       0.000000E+000
     -2      0     -2       0.000000E+000       0.000000E+000       9.996117E-001      -2.786566E-002       0.000000E+000       0.000000E+000
     -1      0     -2       0.000000E+000       0.000000E+000       9.999029E-001      -1.393418E-002       0.000000E+000       0.000000E+000
      0      0     -2       0.000000E+000       0.000000E+000       1.000000E+000       0.000000E+000       0.000000E+000       0.000000E+000
      1      0     -2       0.000000E+000       0.000000E+000       9.999029E-001       1.393418E-002       0.000000E+000       0.000000E+000
      2      0     -2       0.000000E+000       0.000000E+000       9.996117E-001       2.786566E-002       0.000000E+000       0.000000E+000
      3      0     -2       0.000000E+000       0.000000E+000       9.991263E-001       4.179172E-002       0.000000E+000       0.000000E+000
      4      0     -2       0.000000E+000       0.000000E+000       9.984470E-001       5.570967E-002       0.000000E+000       0.000000E+000
     -4      1     -2       0.000000E+000       0.000000E+000       9.984470E-001      -5.570967E-002       0.000000E+000       0.000000E+000
     -3      1     -2       0.000000E+000       0.000000E+000       9.991263E-001      -4.179172E-002       0.000000E+000       0.000000E+000
     -2      1     -2       0.000000E+000       0.000000E+000       9.996117E-001      -2.786566E-002       0.000000E+000       0.000000E+000
     -1      1     -2       0.000000E+000       0.000000E+000       9.999029E-001      -1.393418E-002       0.000000E+000       0.000000E+000
      0      1     -2       0.000000E+000       0.000000E+000       1.000000E+000       0.000000E+000       0.000000E+000       0.000000E+000
      1      1     -2       0.000000E+000       0.000000E+000       9.999029E-001       1.393418E-002       0.000000E+000       0.000000E+000
      2      1     -2       0.000000E+000       0.000000E+000       9.996117E-001       2.786566E-002       0.000000E+000       0.000000E+000
      3      1     -2       0.000000E+000       0.000000E+000       9.991263E-001       4.179172E-002       0.000000E+000       0.000000E+000
      4      1     -2       0.000000E+000       0.000000E+000       9.984470E-001       5.570967E-002       0.000000E+000       0.000000E+000
     -4      2     -2       0.000000E+000       0.000000E+000       9.984470E-001      -5.570967E-002       0.000000E+000       0.000000E+000
     -3      2     -2       0.000000E+000       0.000000E+000       9.991263E-001      -4.179172E-002       0.000000E+000       0.000000E+000
     -2      2     -2       0.000000E+000       0.000000E+000       9.996117E-001      -2.786566E-002       0.000000E+000       0.000000E+000
     -1      2     -2       0.000000E+000       0.000000E+000       9.999029E-001      -1.393418E-002       0.000000E+000       0.000000E+000
      0      2     -2       0.000000E+000       0.000000E+000       1.000000E+000       0.000000E+000       0.000000E+000       0.000000E+000
      1      2     -2       0.000000E+000       0.000000E+000       9.999029E-001       1.393418E-002       0.000000E+000       0.000000E+000
      2      2     -2       0.000000E+000       0.000000E+000       9.996117E-001       2.786566E-002       0.000000E+000       0.000000E+000
      3      2     -2       0.000000E+000       0.000000E+000       9.991263E-001       4.179172E-002       0.000000E+000       0.000000E+000
      4      2     -2       0.000000E+000       0.000000E+000       9.984470E-001       5.570967E-002       0.000000E+000       0.000000E+000
     -3      3     -2       0.000000E+000       0.000000E+000       9.991263E-001      -4.179172E-002       0.000000E+000       0.000000E+000
     -2      3     -2       0.000000E+000       0.000000E+000       9.996117E-001      -2.786566E-002       0.000000E+000       0.000000E+000
     -1      3     -2       0.000000E+000       0.000000E+000       9.999029E-001      -1.393418E-002       0.000000E+000       0.000000E+000
      0      3     -2       0.000000E+000       0.000000E+000       1.000000E+000       0.000000E+000       0.000000E+000       0.000000E+000
      1      3     -2       0.000000E+000       0.000000E+000       9.999029E-001       1.393418E-002       0.000000E+000       0.000000E+000
      2      3     -2       0.000000E+000       0.000000E+000       9.996117E-001       2.786566E-002       0.000000E+000       0.000000E+000
      3      3     -2       0.000000E+000       0.000000E+000       9.991263E-001       4.179172E-002       0.000000E+000       0.000000E+000
     -2      4     -2       0.000000E+000       0.000000E+000       9.996117E-001      -2.786566E-002       0.000000E+000       0.000000E+000
     -1      4     -2       0.000000E+000       0.000000E+000       9.999029E-001      -1.393418E-002       0.000000E+000       0.000000E+000
      0      4     -2       0.000000E+000       0.000000E+000       1.000000E+000       0.000000E+000       0.000000E+000       0.000000E+000
      1      4     -2       0.000000E+000       0.000000E+000       9.999029E-001       1.393418E-002       0.000000E+000       0.000000E+000
      2      4     -2       0.000000E+000       0.000000E+000       9.996117E-001       2.786566E-002       0.000000E+000       0.000000E+000
     -2     -4     -1       0.000000E+000       0.000000E+000       9.996117E-001      -2.786566E-002       0.000000E+000       0.000000E+000
     -1     -4     -1       0.000000E+000       0.000000E+000       9.999029E-001      -1.393418E-002       0.000000E+000       0.000000E+000
      0     -4     -1       0.000000E+000       0.000000E+000       1.000000E+000       0.000000E+000       0.000000E+000       0.000000E+000
      1     -4     -1       0.000000E+000       0.000000E+000       9.999029E-001       1.393418E-002       0.000000E+000       0.000000E+000
      2     -4     -1       0.000000E+000       0.000000E+000       9.996117E-001       2.786566E-002       0.000000E+000       0.000000E+000
     -3     -3     -1       0.000000E+000       0.000000E+000       9.991263E-001      -4.179172E-002       0.000000E+000       0.000000E+000
     -2     -3     -1       0.000000E+000       0.000000E+000       9.996117E-001      -2.786566E-002       0.000000E+000       0.000000E+000
     -1     -3     -1       0.000000E+000       0.000000E+000       9.999029E-001      -1.393418E-002       0.000000E+000       0.000000E+000
      0     -3     -1       0.000000E+000       0.000000E+000       1.000000E+000       0.000000E+000       0.000000E+000       0.000000E+000
      1     -3     -1       0.000000E+000       0.000000E+000       9.999029E-001       1.393418E-002       0.000000E+000       0.000000E+000
      2     -3     -1       0.000000E+000       0.000000E+000       9.996117E-001       2.786566E-002       0.000000E+000       0.000000E+000
      3     -3     -1       0.000000E+000       0.000000E+000       9.991263E-001       4.179172E-002       0.000000E+000       0.000000E+000
     -4     -2     -1       0.000000E+000       0.000000E+000       9.984470E-001      -5.570967E-002       0.000000E+000       0.000000E+000
     -3     -2     -1       0.000000E+000       0.000000E+000       9.991263E-001      -4.179172E-002       0.000000E+000       0.000000E+000
     -2     -2     -1       0.000000E+000       0.000000E+000       9.996117E-001      -2.786566E-002       0.000000E+000       0.000000E+000
     -1     -2     -1       0.000000E+000       0.000000E+000       9.999029E-001      -1.393418E-002       0.000000E+000       0.000000E+000
      0     -2     -1       0.000000E+000       0.000000E+000       1.000000E+000       0.000000E+000       0.000000E+000       0.000000E+000
      1     -2     -1       0.000000E+000       0.000000E+000       9.999029E-001       1.393418E-002       0.000000E+000       0.000000E+000
      2     -2     -1       0.000000E+000       0.000000E+000       9.996117E-001       2.786566E-002       0.000000E+000       0.000000E+000
      3     -2     -1       0.000000E+000       0.000000E+000       9.991263E-001       4.179172E-002       0.000000E+000       0.000000E+000
      4     -2     -1       0.000000E+000       0.000000E+000       9.984470E-001       5.570967E-002       0.000000E+000       0.000000E+000
     -4     -1     -1       0.000000E+000       0.000000E+000       9.984470E-001      -5.570967E-002       0.000000E+000       0.000000E+000
     -3     -1     -1       0.000000E+000       0.000000E+000       9.991263E-001      -4.179172E-002       0.000000E+000       0.000000E+000
     -2     -1     -1       0.000000E+000       0.000000E+000       9.996117E-001      -2.786566E-002       0.000000E+000       0.000000E+000
     -1     -1     -1       0.000000E+000       0.000000E+000       9.999029E-001      -1.393418E-002       0.000000E+000       0.000000E+000
      0     -1     -1       0.000000E+000       0.000000E+000       1.000000E+000       0.000000E+000       0.000000E+000       0.000000E+000
      1     -1     -1       0.000000E+000       0.000000E+000       9.999029E-001       1.393418E-002       0.000000E+000       0.000000E+000
      2     -1     -1       0.000000E+000       0.000000E+000       9.996117E-001       2.786566E-002       0.000000E+000       0.000000E+000
      3     -1     -1       0.000000E+000       0.000000E+000       9.991263E-001       4.179172E-002       0.000000E+000       0.000000E+000
      4     -1     -1       0.000000E+000       0.000000E+000       9.984470E-001       5.570967E-002       0.000000E+000       0.000000E+000
     -4      0     -1       0.000000E+000       0.000000E+000       9.984470E-001      -5.570967E-002       0.000000E+000       0.000000E+000
     -3      0     -1       0.000000E+000       0.000000E+000       9.991263E-001      -4.179172E-002       0.000000E+000       0.000000E+000
     -2      0     -1       0.000000E+000       0.000000E+000       9.996117E-001      -2.786566E-002       0.000000E+000       0.000000E+000
     -1      0     -1       0.000000E+000       0.000000E+000       9.999029E-001      -1.393418E-002       0.000000E+000       0.000000E+000
      0      0     -1       0.000000E+000       0.000000E+000       1.000000E+000       0.000000E+000       0.000000E+000       0.000000E+000
      1      0     -1       0.000000E+000       0.000000E+000       9.999029E-001       1.393418E-002       0.000000E+000       0.000000E+000
      2      0     -1       0.000000E+000       0.000000E+000       9.996117E-001       2.786566E-002       0.000000E+000       0.000000E+000
      3      0     -1       0.000000E+000       0.000000E+000       9.991263E-001       4.179172E-002       0.000000E+000       0.000000E+000
      4      0     -1       0.000000E+000       0.000000E+000       9.984470E-001       5.570967E-002       0.000000E+000       0.000000E+000
     -4      1     -1       0.000000E+000       0.000000E+000       9.984470E-001      -5.570967E-002       0.000000E+000       0.000000E+000
     -3      1     -1       0.000000E+000       0.000000E+000       9.991263E-001      -4.179172E-002       0.000000E+000       0.000000E+000
     -2      1     -1       0.000000E+000       0.000000E+000       9.996117E-001      -2.786566E-002       0.000000E+000       0.000000E+000
     -1      1     -1       0.000000E+000       0.000000E+000       9.999029E-001      -1.393418E-002       0.000000E+000       0.000000E+000
      0      1     -1       0.000000E+000       0.000000E+000       1.000000E+000       0.000000E+000       0.000000E+000       0.000000E+000
      1      1     -1       0.000000E+000       0.000000E+000       9.999029E-001       1.393418E-002       0.000000E+000       0.000000E+000
      2      1     -1       0.000000E+000       0.000000E+000       9.996117E-001       2.786566E-002       0.000000E+000       0.000000E+000
      3      1     -1       0.000000E+000       0.000000E+000       9.991263E-001       4.179172E-002       0.000000E+000       0.000000E+000
      4      1     -1       0.000000E+000       0.000000E+000       9.984470E-001       5.570967E-002       0.000000E+000       0.000000E+000
     -4      2     -1       0.000000E+000       0.000000E+000       9.984470E-001      -5.570967E-002       0.000000E+000       0.000000E+000
     -3      2     -1       0.000000E+000       0.000000E+000       9.991263E-001      -4.179172E-002       0.000000E+000       0.000000E+000
     -2      2     -1       0.000000E+000       0.000000E+000       9.996117E-001      -2.786566E-002       0.000000E+000       0.000000E+000
     -1      2     -1       0.000000E+000       0.000000E+000       9.999029E-001      -1.393418E-002       0.000000E+000       0.000000E+000
      0      2     -1       0.000000E+000       0.000000E+000       1.000000E+000       0.000000E+000       0.000000E+000       0.000000E+000
      1      2     -1       0.000000E+000       0.000000E+000       9.999029E-001       1.393418E-002       0.000000E+000       0.000000E+000
      2      2     -1       0.000000E+000       0.000000E+000       9.996117E-001       2.786566E-002       0.000000E+000       0.000000E+000
      3      2     -1       0.000000E+000       0.000000E+000       9.991263E-001       4.179172E-002       0.000000E+000       0.000000E+000
      4      2     -1       0.000000E+000       0.000000E+000       9.984470E-001       5.570967E-002       0.000000E+000       0.000000E+000
     -3      3     -1       0.000000E+000       0.000000E+000       9.991263E-001      -4.179172E-002       0.000000E+000       0.000000E+000
     -2      3     -1       0.000000E+000       0.000000E+000       9.996117E-001      -2.786566E-002       0.000000E+000       0.000000E+000
     -1      3     -1       0.000000E+000       0.000000E+000       9.999029E-001      -1.393418E-002       0.000000E+000       0.000000E+000
      0      3     -1       0.000000E+000       0.000000E+000       1.000000E+000       0.000000E+000       0.000000E+000       0.000000E+000
      1      3     -1       0.000000E+000       0.000000E+000       9.999029E-001       1.393418E-002       0.000000E+000       0.000000E+000
      2      3     -1       0.000000E+000       0.000000E+000       9.996117E-001       2.786566E-002       0.000000E+000       0.000000E+000
      3      3     -1       0.000000E+000       0.000000E+000       9.991263E-001       4.179172E-002       0.000000E+000       0.000000E+000
     -2      4     -1       0.000000E+000       0.000000E+000       9.996117E-001      -2.786566E-002       0.000000E+000       0.000000E+000
     -1      4     -1       0.000000E+000       0.000000E+000       9.999029E-001      -1.393418E-002       0.000000E+000       0.000000E+000
      0      4     -1       0.000000E+000       0.000000E+000       1.000000E+000       0.000000E+000       0.000000E+000       0.000000E+000
      1      4     -1       0.000000E+000       0.000000E+000       9.999029E-001       1.393418E-002       0.000000E+000       0.000000E+000
      2      4     -1       0.000000E+000       0.000000E+000       9.996117E-001       2.786566E-002       0.000000E+000       0.000000E+000
      0     -5      0       0.000000E+000       0.000000E+000       1.000000E+000       0.000000E+000       0.000000E+000       0.000000E+000
     -3     -4      0       0.000000E+000       0.000000E+000       9.991263E-001      -4.179172E-002       0.000000E+000       0.000000E+000
     -2     -4      0       0.000000E+000       0.000000E+000       9.996117E-001      -2.786566E-002       0.000000E+000       0.000000E+000
     -1     -4      0       0.000000E+000       0.000000E+000       9.999029E-001      -1.393418E-002       0.000000E+000       0.000000E+000
      0     -4      0       0.000000E+000       0.000000E+000       1.000000E+000       0.000000E+000       0.000000E+000       0.000000E+000
      1     -4      0       0.000000E+000       0.000000E+000       9.999029E-001       1.393418E-002       0.000000E+000       0.000000E+000
      2     -4      0       0.000000E+000       0.000000E+000       9.996117E-001       2.786566E-002       0.000000E+000       0.000000E+000
      3     -4      0       0.000000E+000       0.000000E+000       9.991263E-001       4.179172E-002       0.000000E+000       0.000000E+000
     -4     -3      0       0.000000E+000       0.000000E+000       9.984470E-001      -5.570967E-002       0.000000E+000       0.000000E+000
     -3     -3      0       0.000000E+000       0.000000E+000       9.991263E-001      -4.179172E-002       0.000000E+000       0.000000E+000
     -2     -3      0       0.000000E+000       0.000000E+000       9.996117E-001      -2.786566E-002       0.000000E+000       0.000000E+000
     -1     -3      0       0.000000E+000       0.000000E+000       9.999029E-001      -1.393418E-002       0.000000E+000       0.000000E+000
      0     -3      0       0.000000E+000       0.000000E+000       1.000000E+000       0.000000E+000       0.000000E+000       0.000000E+000
      1     -3      0       0.000000E+000       0.000000E+000       9.999029E-001       1.393418E-002       0.000000E+000       0.000000E+000
      2     -3      0       0.000000E+000       0.000000E+000       9.996117E-001       2.786566E-002       0.000000E+000       0.000000E+000
      3     -3      0       0.000000E+000       0.000000E+000       9.991263E-001       4.179172E-002       0.000000E+000       0.000000E+000
      4     -3      0       0.000000E+000       0.000000E+000       9.984470E-001       5.570967E-002       0.000000E+000       0.000000E+000
     -4     -2      0       0.000000E+000       0.000000E+000       9.984470E-001      -5.570967E-002       0.000000E+000       0.000000E+000
     -3     -2      0       0.000000E+000       0.000000E+000       9.991263E-001      -4.179172E-002       0.000000E+000       0.000000E+000
     -2     -2      0       0.000000E+000       0.000000E+000       9.996117E-001      -2.786566E-002       0.000000E+000       0.000000E+000
     -1     -2      0       0.000000E+000       0.000000E+000       9.999029E-001      -1.393418E-002       0.000000E+000       0.000000E+000
      0     -2      0       0.000000E+000       0.000000E+000       1.000000E+000       0.000000E+000       0.000000E+000       0.000000E+000
      1     -2      0       0.000000E+000       0.000000E+000       9.999029E-001       1.393418E-002       0.000000E+000       0.000000E+000
      2     -2      0       0.000000E+000       0.000000E+000       9.996117E-001       2.786566E-002       0.000000E+000       0.000000E+000
      3     -2      0       0.000000E+000       0.000000E+000       9.991263E-001       4.179172E-002       0.000000E+000       0.000000E+000
      4     -2      0       0.000000E+000       0.000000E+000       9.984470E-001       5.570967E-002       0.000000E+000       0.000000E+000
     -4     -1      0       0.000000E+000       0.000000E+000       9.984470E-001      -5.570967E-002       0.000000E+000       0.000000E+000
     -3     -1      0       0.000000E+000       0.000000E+000       9.991263E-001      -4.179172E-002       0.000000E+000       0.000000E+000
     -2     -1      0       0.000000E+000       0.000000E+000       9.996117E-001      -2.786566E-002       0.000000E+000       0.000000E+000
     -1     -1      0       0.000000E+000       0.000000E+000       9.999029E-001      -1.393418E-002       0.000000E+000       0.000000E+000
      0     -1      0       0.000000E+000       0.000000E+000       1.000000E+000       0.000000E+000       0.000000E+000       0.000000E+000
      1     -1      0       0.000000E+000       0.000000E+000       9.999029E-001       1.393418E-002       0.000000E+000       0.000000E+000
      2     -1      0       0.000000E+000       0.000000E+000       9.996117E-001       2.786566E-002       0.000000E+000       0.000000E+000
      3     -1      0       0.000000E+000       0.000000E+000       9.991263E-001       4.179172E-002       0.000000E+000       0.000000E+000
      4     -1      0       0.000000E+000       0.000000E+000       9.984470E-001       5.570967E-002       0.000000E+000       0.000000E+000
     -5      0      0       0.000000E+000       0.000000E+000       9.975738E-001      -6.961680E-002       0.000000E+000       0.000000E+000
     -4      0      0       0.000000E+000       0.000000E+000       9.984470E-001      -5.570967E-002       0.000000E+000       0.000000E+000
     -3      0      0       0.000000E+000       0.000000E+000       9.991263E-001      -4.179172E-002       0.000000E+000       0.000000E+000
     -2      0      0       0.000000E+000       0.000000E+000       9.996117E-001      -2.786566E-002       0.000000E+000       0.000000E+000
     -1      0      0       0.000000E+000       0.000000E+000       9.999029E-001      -1.393418E-002       0.000000E+000       0.000000E+000
      0      0      0       0.000000E+000       0.000000E+000       1.000000E+000       0.000000E+000       0.000000E+000       0.000000E+000
      1      0      0       0.000000E+000       0.000000E+000       9.999029E-001       1.393418E-002       0.000000E+000       0.000000E+000
      2      0      0       0.000000E+000       0.000000E+000       9.996117E-001       2.786566E-002       0.000000E+000       0.000000E+000
      3      0      0       0.000000E+000       0.000000E+000       9.991263E-001       4.179172E-002       0.000000E+000       0.000000E+000
      4      0      0       0.000000E+000       0.000000E+000       9.984470E-001       5.570967E-002       0.000000E+000       0.000000E+000
      5      0      0       0.000000E+000       0.000000E+000       9.975738E-001       6.961680E-002       0.000000E+000       0.000000E+000
     -4      1      0       0.000000E+000       0.000000E+000       9.984470E-001      -5.570967E-002       0.000000E+000       0.000000E+000
     -3      1      0       0.000000E+000       0.000000E+000       9.991263E-001      -4.179172E-002       0.000000E+000       0.000000E+000
     -2      1      0       0.000000E+000       0.000000E+000       9.996117E-001      -2.786566E-002       0.000000E+000       0.000000E+000
     -1      1      0       0.000000E+000       0.000000E+000       9.999029E-001      -1.393418E-002       0.000000E+000       0.000000E+000
      0      1      0       0.000000E+000       0.000000E+000       1.000000E+000       0.000000E+000       0.000000E+000       0.000000E+000
      1      1      0       0.000000E+000       0.000000E+000       9.999029E-001       1.393418E-002       0.000000E+000       0.000000E+000
      2      1      0       0.000000E+000       0.000000E+000       9.996117E-001       2.786566E-002       0.000000E+000       0.000000E+000
      3      1      0       0.000000E+000       0.000000E+000       9.991263E-001       4.179172E-002       0.000000E+000       0.000000E+000
      4      1      0       0.000000E+000       0.000000E+000       9.984470E-001       5.570967E-002       0.000000E+000       0.000000E+000
     -4      2      0       0.000000E+000       0.000000E+000       9.984470E-001      -5.570967E-002       0.000000E+000       0.000000E+000
     -3      2      0       0.000000E+000       0.000000E+000       9.991263E-001      -4.179172E-002       0.000000E+000       0.000000E+000
     -2      2      0       0.000000E+000       0.000000E+000       9.996117E-001      -2.786566E-002       0.000000E+000       0.000000E+000
     -1      2      0       0.000000E+000       0.000000E+000       9.999029E-001      -1.393418E-002       0.000000E+000       0.000000E+000
      0      2      0       0.000000E+000       0.000000E+000       1.000000E+000       0.000000E+000       0.000000E+000       0.000000E+000
      1      2      0       0.000000E+000       0.000000E+000       9.999029E-001       1.393418E-002       0.000000E+000       0.000000E+000
      2      2      0       0.000000E+000       0.000000E+000       9.996117E-001       2.786566E-002       0.000000E+000       0.000000E+000
      3      2      0       0.000000E+000       0.000000E+000       9.991263E-001       4.179172E-002       0.000000E+000       0.000000E+000
      4      2      0       0.000000E+000       0.000000E+000       9.984470E-001       5.570967E-002       0.000000E+000       0.000000E+000
     -4      3      0       0.000000E+000       0.000000E+000       9.984470E-001      -5.570967E-002       0.000000E+000       0.000000E+000
     -3      3      0       0.000000E+000       0.000000E+000       9.991263E-001      -4.179172E-002       0.000000E+000       0.000000E+000
     -2      3      0       0.000000E+000       0.000000E+000       9.996117E-001      -2.786566E-002       0.000000E+000       0.000000E+000
     -1      3      0       0.000000E+000       0.000000E+000       9.999029E-001      -1.393418E-002       0.000000E+000       0.000000E+000
      0      3      0       0.000000E+000       0.000000E+000       1.000000E+000       0.000000E+000       0.000000E+000       0.000000E+000
      1      3      0       0.000000E+000       0.000000E+000       9.999029E-001       1.393418E-002       0.000000E+000       0.000000E+000
      2      3      0       0.000000E+000       0.000000E+000       9.996117E-001       2.786566E-002       0.000000E+000       0.000000E+000
      3      3      0       0.000000E+000       0.000000E+000       9.991263E-001       4.179172E-002       0.000000E+000       0.000000E+000
      4      3      0       0.000000E+000       0.000000E+000       9.984470E-001       5.570967E-002       0.000000E+000       0.000000E+000
     -3      4      0       0.000000E+000       0.000000E+000       9.991263E-001      -4.179172E-002       0.000000E+000       0.000000E+000
     -2      4      0       0.000000E+000       0.000000E+000       9.996117E-001      -2.786566E-002       0.000000E+000       0.000000E+000
     -1      4      0       0.000000E+000       0.000000E+000       9.999029E-001      -1.393418E-002       0.000000E+000       0.000000E+000
      0      4      0       0.000000E+000       0.000000E+000       1.000000E+000       0.000000E+000       0.000000E+000       0.000000E+000
      1      4      0       0.000000E+000       0.000000E+000       9.999029E-001       1.393418E-002       0.000000E+000       0.000000E+000
      2      4      0       0.000000E+000       0.000000E+000       9.996117E-001       2.786566E-002       0.000000E+000       0.000000E+000
      3      4      0       0.000000E+000       0.000000E+000       9.991263E-001       4.179172E-002       0.000000E+000       0.000000E+000
      0      5      0       0.000000E+000       0.000000E+000       1.000000E+000       0.000000E+000       0.000000E+000       0.000000E+000
     -2     -4      1       0.000000E+000       0.000000E+000       9.996117E-001      -2.786566E-002       0.000000E+000       0.000000E+000
     -1     -4      1       0.000000E+000       0.000000E+000       9.999029E-001      -1.393418E-002       0.000000E+000       0.000000E+000
      0     -4      1       0.000000E+000       0.000000E+000       1.000000E+000       0.000000E+000       0.000000E+000       0.000000E+000
      1     -4      1       0.000000E+000       0.000000E+000       9.999029E-001       1.393418E-002       0.000000E+000       0.000000E+000
      2     -4      1       0.000000E+000       0.000000E+000       9.996117E-001       2.786566E-002       0.000000E+000       0.000000E+000
     -3     -3      1       0.000000E+000       0.000000E+000       9.991263E-001      -4.179172E-002       0.000000E+000       0.000000E+000
     -2     -3      1       0.000000E+000       0.000000E+000       9.996117E-001      -2.786566E-002       0.000000E+000       0.000000E+000
     -1     -3      1       0.000000E+000       0.000000E+000       9.999029E-001      -1.393418E-002       0.000000E+000       0.000000E+000
      0     -3      1       0.000000E+000       0.000000E+000       1.000000E+000       0.000000E+000       0.000000E+000       0.000000E+000
      1     -3      1       0.000000E+000       0.000000E+000       9.999029E-001       1.393418E-002       0.000000E+000       0.000000E+000
      2     -3      1       0.000000E+000       0.000000E+000       9.996117E-001       2.786566E-002       0.000000E+000       0.000000E+000
      3     -3      1       0.000000E+000       0.000000E+000       9.991263E-001       4.179172E-002       0.000000E+000       0.000000E+000
     -4     -2      1       0.000000E+000       0.000000E+000       9.984470E-001      -5.570967E-002       0.000000E+000       0.000000E+000
     -3     -2      1       0.000000E+000       0.000000E+000       9.991263E-001      -4.179172E-002       0.000000E+000       0.000000E+000
     -2     -2      1       0.000000E+000       0.000000E+000       9.996117E-001      -2.786566E-002       0.000000E+000       0.000000E+000
     -1     -2      1       0.000000E+000       0.000000E+000       9.999029E-001      -1.393418E-002       0.000000E+000       0.000000E+000
      0     -2      1       0.000000E+000       0.000000E+000       1.000000E+000       0.000000E+000       0.000000E+000       0.000000E+000
      1     -2      1       0.000000E+000       0.000000E+000       9.999029E-001       1.393418E-002       0.000000E+000       0.000000E+000
      2     -2      1       0.000000E+000       0.000000E+000       9.996117E-001       2.786566E-002       0.000000E+000       0.000000E+000
      3     -2      1       0.000000E+000       0.000000E+000       9.991263E-001       4.179172E-002       0.000000E+000       0.000000E+000
      4     -2      1       0.000000E+000       0.000000E+000       9.984470E-001       5.570967E-002       0.000000E+000       0.000000E+000
     -4     -1      1       0.000000E+000       0.000000E+000       9.984470E-001      -5.570967E-002       0.000000E+000       0.000000E+000
     -3     -1      1       0.000000E+000       0.000000E+000       9.991263E-001      -4.179172E-002       0.000000E+000       0.000000E+000
     -2     -1      1       0.000000E+000       0.000000E+000       9.996117E-001      -2.786566E-002       0.000000E+000       0.000000E+000
     -1     -1      1       0.000000E+000       0.000000E+000       9.999029E-001      -1.393418E-002       0.000000E+000       0.000000E+000
      0     -1      1       0.000000E+000       0.000000E+000       1.000000E+000       0.000000E+000       0.000000E+000       0.000000E+000
      1     -1      1       0.000000E+000       0.000000E+000       9.999029E-001       1.393418E-002       0.000000E+000       0.000000E+000
      2     -1      1       0.000000E+000       0.000000E+000       9.996117E-001       2.786566E-002       0.000000E+000       0.000000E+000
      3     -1      1       0.000000E+000       0.000000E+000       9.991263E-001       4.179172E-002       0.000000E+000       0.000000E+000
      4     -1      1       0.000000E+000       0.000000E+000       9.984470E-001       5.570967E-002       0.000000E+000       0.000000E+000
     -4      0      1       0.000000E+000       0.000000E+000       9.984470E-001      -5.570967E-002       0.000000E+000       0.000000E+000
     -3      0      1       0.000000E+000       0.000000E+000       9.991263E-001      -4.179172E-002       0.000000E+000       0.000000E+000
     -2      0      1       0.000000E+000       0.000000E+000       9.996117E-001      -2.786566E-002       0.000000E+000       0.000000E+000
     -1      0      1       0.000000E+000       0.000000E+000       9.999029E-001      -1.393418E-002       0.000000E+000       0.000000E+000
      0      0      1       0.000000E+000       0.000000E+000       1.000000E+000       0.000000E+000       0.000000E+000       0.000000E+000
      1      0      1       0.000000E+000       0.000000E+000       9.999029E-001       1.393418E-002       0.000000E+000       0.000000E+000
      2      0      1       0.000000E+000       0.000000E+000       9.996117E-001       2.786566E-002       0.000000E+000       0.000000E+000
      3      0      1       0.000000E+000       0.000000E+000       9.991263E-001       4.179172E-002       0.000000E+000       0.000000E+000
      4      0      1       0.000000E+000       0.000000E+000       9.984470E-001       5.570967E-002       0.000000E+000       0.000000E+000
     -4      1      1       0.000000E+000       0.000000E+000       9.984470E-001      -5.570967E-002       0.000000E+000       0.000000E+000
     -3      1      1       0.000000E+000       0.000000E+000       9.991263E-001      -4.179172E-002       0.000000E+000       0.000000E+000
     -2      1      1       0.000000E+000       0.000000E+000       9.996117E-001      -2.786566E-002       0.000000E+000       0.000000E+000
     -1      1      1       0.000000E+000       0.000000E+000       9.999029E-001      -1.393418E-002       0.000000E+000       0.000000E+000
      0      1      1       0.000000E+000       0.000000E+000       1.000000E+000       0.000000E+000       0.000000E+000       0.000000E+000
      1      1      1       0.000000E+000       0.000000E+000       9.999029E-001       1.393418E-002       0.000000E+000       0.000000E+000
      2      1      1       0.000000E+000       0.000000E+000       9.996117E-001       2.786566E-002       0.000000E+000       0.000000E+000
      3      1      1       0.000000E+000       0.000000E+000       9.991263E-001       4.179172E-002       0.000000E+000       0.000000E+000
      4      1      1       0.000000E+000       0.000000E+000       9.984470E-001       5.570967E-002       0.000000E+000       0.000000E+000
     -4      2      1       0.000000E+000       0.000000E+000       9.984470E-001      -5.570967E-002       0.000000E+000       0.000000E+000
     -3      2      1       0.000000E+000       0.000000E+000       9.991263E-001      -4.179172E-002       0.000000E+000       0.000000E+000
     -2      2      1       0.000000E+000       0.000000E+000       9.996117E-001      -2.786566E-002       0.000000E+000       0.000000E+000
     -1      2      1       0.000000E+000       0.000000E+000       9.999029E-001      -1.393418E-002       0.000000E+000       0.000000E+000
      0      2      1       0.000000E+000       0.000000E+000       1.000000E+000       0.000000E+000       0.000000E+000       0.000000E+000
      1      2      1       0.000000E+000       0.000000E+000       9.999029E-001       1.393418E-002       0.000000E+000       0.000000E+000
      2      2      1       0.000000E+000       0.000000E+000       9.996117E-001       2.786566E-002       0.000000E+000       0.000000E+000
      3      2      1       0.000000E+000       0.000000E+000       9.991263E-001       4.179172E-002       0.000000E+000       0.000000E+000
      4      2      1       0.000000E+000       0.000000E+000       9.984470E-001       5.570967E-002       0.000000E+000       0.000000E+000
     -3      3      1       0.000000E+000       0.000000E+000       9.991263E-001      -4.179172E-002       0.000000E+000       0.000000E+000
     -2      3      1       0.000000E+000       0.000000E+000       9.996117E-001      -2.786566E-002       0.000000E+000       0.000000E+000
     -1      3      1       0.000000E+000       0.000000E+000       9.999029E-001      -1.393418E-002       0.000000E+000       0.000000E+000
      0      3      1       0.000000E+000       0.000000E+000       1.000000E+000       0.000000E+000       0.000000E+000       0.000000E+000
      1      3      1       0.000000E+000       0.000000E+000       9.999029E-001       1.393418E-002       0.000000E+000       0.000000E+000
      2      3      1       0.000000E+000       0.000000E+000       9.996117E-001       2.786566E-002       0.000000E+000       0.000000E+000
      3      3      1       0.000000E+000       0.000000E+000       9.991263E-001       4.179172E-002       0.000000E+000       0.000000E+000
     -2      4      1       0.000000E+000       0.000000E+000       9.996117E-001      -2.786566E-002       0.000000E+000       0.000000E+000
     -1      4      1       0.000000E+000       0.000000E+000       9.999029E-001      -1.393418E-002       0.000000E+000       0.000000E+000
      0      4      1       0.000000E+000       0.000000E+000       1.000000E+000       0.000000E+000       0.000000E+000       0.000000E+000
      1      4      1       0.000000E+000       0.000000E+000       9.999029E-001       1.393418E-002       0.000000E+000       0.000000E+000
      2      4      1       0.000000E+000       0.000000E+000       9.996117E-001       2.786566E-002       0.000000E+000       0.000000E+000
     -2     -4      2       0.000000E+000       0.000000E+000       9.996117E-001      -2.786566E-002       0.000000E+000       0.000000E+000
     -1     -4      2       0.000000E+000       0.000000E+000       9.999029E-001      -1.393418E-002       0.000000E+000       0.000000E+000
      0     -4      2       0.000000E+000       0.000000E+000       1.000000E+000       0.000000E+000       0.000000E+000       0.000000E+000
      1     -4      2       0.000000E+000       0.000000E+000       9.999029E-001       1.393418E-002       0.000000E+000       0.000000E+000
      2     -4      2       0.000000E+000       0.000000E+000       9.996117E-001       2.786566E-002       0.000000E+000       0.000000E+000
     -3     -3      2       0.000000E+000       0.000000E+000       9.991263E-001      -4.179172E-002       0.000000E+000       0.000000E+000
     -2     -3      2       0.000000E+000       0.000000E+000       9.996117E-001      -2.786566E-002       0.000000E+000       0.000000E+000
     -1     -3      2       0.000000E+000       0.000000E+000       9.999029E-001      -1.393418E-002       0.000000E+000       0.000000E+000
      0     -3      2       0.000000E+000       0.000000E+000       1.000000E+000       0.000000E+000       0.000000E+000       0.000000E+000
      1     -3      2       0.000000E+000       0.000000E+000       9.999029E-001       1.393418E-002       0.000000E+000       0.000000E+000
      2     -3      2       0.000000E+000       0.000000E+000       9.996117E-001       2.786566E-002       0.000000E+000       0.000000E+000
      3     -3      2       0.000000E+000       0.000000E+000       9.991263E-001       4.179172E-002       0.000000E+000       0.000000E+000
     -4     -2      2       0.000000E+000       0.000000E+000       9.984470E-001      -5.570967E-002       0.000000E+000       0.000000E+000
     -3     -2      2       0.000000E+000       0.000000E+000       9.991263E-001      -4.179172E-002       0.000000E+000       0.000000E+000
     -2     -2      2       0.000000E+000       0.000000E+000       9.996117E-001      -2.786566E-002       0.000000E+000       0.000000E+000
     -1     -2      2       0.000000E+000       0.000000E+000       9.999029E-001      -1.393418E-002       0.000000E+000       0.000000E+000
      0     -2      2       0.000000E+000       0.000000E+000       1.000000E+000       0.000000E+000       0.000000E+000       0.000000E+000
      1     -2      2       0.000000E+000       0.000000E+000       9.999029E-001       1.393418E-002       0.000000E+000       0.000000E+000
      2     -2      2       0.000000E+000       0.000000E+000       9.996117E-001       2.786566E-002       0.000000E+000       0.000000E+000
      3     -2      2       0.000000E+000       0.000000E+000       9.991263E-001       4.179172E-002       0.000000E+000       0.000000E+000
      4     -2      2       0.000000E+000       0.000000E+000       9.984470E-001       5.570967E-002       0.000000E+000       0.000000E+000
     -4     -1      2       0.000000E+000       0.000000E+000       9.984470E-001      -5.570967E-002       0.000000E+000       0.000000E+000
     -3     -1      2       0.000000E+000       0.000000E+000       9.991263E-001      -4.179172E-002       0.000000E+000       0.000000E+000
     -2     -1      2       0.000000E+000       0.000000E+000       9.996117E-001      -2.786566E-002       0.000000E+000       0.000000E+000
     -1     -1      2       0.000000E+000       0.000000E+000       9.999029E-001      -1.393418E-002       0.000000E+000       0.000000E+000
      0     -1      2       0.000000E+000       0.000000E+000       1.000000E+000       0.000000E+000       0.000000E+000       0.000000E+000
      1     -1      2       0.000000E+000       0.000000E+000       9.999029E-001       1.393418E-002       0.000000E+000       0.000000E+000
      2     -1      2       0.000000E+000       0.000000E+000       9.996117E-001       2.786566E-002       0.000000E+000       0.000000E+000
      3     -1      2       0.000000E+000       0.000000E+000       9.991263E-001       4.179172E-002       0.000000E+000       0.000000E+000
      4     -1      2       0.000000E+000       0.000000E+000       9.984470E-001       5.570967E-002       0.000000E+000       0.000000E+000
     -4      0      2       0.000000E+000       0.000000E+000       9.984470E-001      -5.570967E-002       0.000000E+000       0.000000E+000
     -3      0      2       0.000000E+000       0.000000E+000       9.991263E-001      -4.179172E-002       0.000000E+000       0.000000E+000
     -2      0      2       0.000000E+000       0.000000E+000       9.996117E-001      -2.786566E-002       0.000000E+000       0.000000E+000
     -1      0      2       0.000000E+000       0.000000E+000       9.999029E-001      -1.393418E-002       0.000000E+000       0.000000E+000
      0      0      2       0.000000E+000       0.000000E+000       1.000000E+000       0.000000E+000       0.000000E+000       0.000000E+000
      1      0      2       0.000000E+000       0.000000E+000       9.999029E-001       1.393418E-002       0.000000E+000       0.000000E+000
      2      0      2       0.000000E+000       0.000000E+000       9.996117E-001       2.786566E-002       0.000000E+000       0.000000E+000
      3      0      2       0.000000E+000       0.000000E+000       9.991263E-001       4.179172E-002       0.000000E+000       0.000000E+000
      4      0      2       0.000000E+000       0.000000E+000       9.984470E-001       5.570967E-002       0.000000E+000       0.000000E+000
     -4      1      2       0.000000E+000       0.000000E+000       9.984470E-001      -5.570967E-002       0.000000E+000       0.000000E+000
     -3      1      2       0.000000E+000       0.000000E+000       9.991263E-001      -4.179172E-002       0.000000E+000       0.000000E+000
     -2      1      2       0.000000E+000       0.000000E+000       9.996117E-001      -2.786566E-002       0.000000E+000       0.000000E+000
     -1      1      2       0.000000E+000       0.000000E+000       9.999029E-001      -1.393418E-002       0.000000E+000       0.000000E+000
      0      1      2       0.000000E+000       0.000000E+000       1.000000E+000       0.000000E+000       0.000000E+000       0.000000E+000
      1      1      2       0.000000E+000       0.000000E+000       9.999029E-001       1.393418E-002       0.000000E+000       0.000000E+000
      2      1      2       0.000000E+000       0.000000E+000       9.996117E-001       2.786566E-002       0.000000E+000       0.000000E+000
      3      1      2       0.000000E+000       0.000000E+000       9.991263E-001       4.179172E-002       0.000000E+000       0.000000E+000
      4      1      2       0.000000E+000       0.000000E+000       9.984470E-001       5.570967E-002       0.000000E+000       0.000000E+000
     -4      2      2       0.000000E+000       0.000000E+000       9.984470E-001      -5.570967E-002       0.000000E+000       0.000000E+000
     -3      2      2       0.000000E+000       0.000000E+000       9.991263E-001      -4.179172E-002       0.000000E+000       0.000000E+000
     -2      2      2       0.000000E+000       0.000000E+000       9.996117E-001      -2.786566E-002       0.000000E+000       0.000000E+000
     -1      2      2       0.000000E+000       0.000000E+000       9.999029E-001      -1.393418E-002       0.000000E+000       0.000000E+000
      0      2      2       0.000000E+000       0.000000E+000       1.000000E+000       0.000000E+000       0.000000E+000       0.000000E+000
      1      2      2       0.000000E+000       0.000000E+000       9.999029E-001       1.393418E-002       0.000000E+000       0.000000E+000
      2      2      2       0.000000E+000       0.000000E+000       9.996117E-001       2.786566E-002       0.000000E+000       0.000000E+000
      3      2      2       0.000000E+000       0.000000E+000       9.991263E-001       4.179172E-002       0.000000E+000       0.000000E+000
      4      2      2       0.000000E+000       0.000000E+000       9.984470E-001       5.570967E-002       0.000000E+000       0.000000E+000
     -3      3      2       0.000000E+000       0.000000E+000       9.991263E-001      -4.179172E-002       0.000000E+000       0.000000E+000
     -2      3      2       0.000000E+000       0.000000E+000       9.996117E-001      -2.786566E-002       0.000000E+000       0.000000E+000
     -1      3      2       0.000000E+000       0.000000E+000       9.999029E-001      -1.393418E-002       0.000000E+000       0.000000E+000
      0      3      2       0.000000E+000       0.000000E+000       1.000000E+000       0.000000E+000       0.000000E+000       0.000000E+000
      1      3      2       0.000000E+000       0.000000E+000       9.999029E-001       1.393418E-002       0.000000E+000       0.000000E+000
      2      3      2       0.000000E+000       0.000000E+000       9.996117E-001       2.786566E-002       0.000000E+000       0.000000E+000
      3      3      2       0.000000E+000       0.000000E+000       9.991263E-001       4.179172E-002       0.000000E+000       0.000000E+000
     -2      4      2       0.000000E+000       0.000000E+000       9.996117E-001      -2.786566E-002       0.000000E+000       0.000000E+000
     -1      4      2       0.000000E+000       0.000000E+000       9.999029E-001      -1.393418E-002       0.000000E+000       0.000000E+000
      0      4      2       0.000000E+000       0.000000E+000       1.000000E+000       0.000000E+000       0.000000E+000       0.000000E+000
      1      4      2       0.000000E+000       0.000000E+000       9.999029E-001       1.393418E-002       0.000000E+000       0.000000E+000
      2      4      2       0.000000E+000       0.000000E+000       9.996117E-001       2.786566E-002       0.000000E+000       0.000000E+000
      0     -4      3       0.000000E+000       0.000000E+000       1.000000E+000       0.000000E+000       0.000000E+000       0.000000E+000
     -2     -3      3       0.000000E+000       0.000000E+000       9.996117E-001      -2.786566E-002       0.000000E+000       0.000000E+000
     -1     -3      3       0.000000E+000       0.000000E+000       9.999029E-001      -1.393418E-002       0.000000E+000       0.000000E+000
      0     -3      3       0.000000E+000       0.000000E+000       1.000000E+000       0.000000E+000       0.000000E+000       0.000000E+000
      1     -3      3       0.000000E+000       0.000000E+000       9.999029E-001       1.393418E-002       0.000000E+000       0.000000E+000
      2     -3      3       0.000000E+000       0.000000E+000       9.996117E-001       2.786566E-002       0.000000E+000       0.000000E+000
     -3     -2      3       0.000000E+000       0.000000E+000       9.991263E-001      -4.179172E-002       0.000000E+000       0.000000E+000
     -2     -2      3       0.000000E+000       0.000000E+000       9.996117E-001      -2.786566E-002       0.000000E+000       0.000000E+000
     -1     -2      3       0.000000E+000       0.000000E+000       9.999029E-001      -1.393418E-002       0.000000E+000       0.000000E+000
      0     -2      3       0.000000E+000       0.000000E+000       1.000000E+000       0.000000E+000       0.000000E+000       0.000000E+000
      1     -2      3       0.000000E+000       0.000000E+000       9.999029E-001       1.393418E-002       0.000000E+000       0.000000E+000
      2     -2      3       0.000000E+000       0.000000E+000       9.996117E-001       2.786566E-002       0.000000E+000       0.000000E+000
      3     -2      3       0.000000E+000       0.000000E+000       9.991263E-001       4.179172E-002       0.000000E+000       0.000000E+000
     -3     -1      3       0.000000E+000       0.000000E+000       9.991263E-001      -4.179172E-002       0.000000E+000       0.000000E+000
     -2     -1      3       0.000000E+000       0.000000E+000       9.996117E-001      -2.786566E-002       0.000000E+000       0.000000E+000
     -1     -1      3       0.000000E+000       0.000000E+000       9.999029E-001      -1.393418E-002       0.000000E+000       0.000000E+000
      0     -1      3       0.000000E+000       0.000000E+000       1.000000E+000       0.000000E+000       0.000000E+000       0.000000E+000
      1     -1      3       0.000000E+000       0.000000E+000       9.999029E-001       1.393418E-002       0.000000E+000       0.000000E+000
      2     -1      3       0.000000E+000       0.000000E+000       9.996117E-001       2.786566E-002       0.000000E+000       0.000000E+000
      3     -1      3       0.000000E+000       0.000000E+000       9.991263E-001       4.179172E-002       0.000000E+000       0.000000E+000
     -4      0      3       0.000000E+000       0.000000E+000       9.984470E-001      -5.570967E-002       0.000000E+000       0.000000E+000
     -3      0      3       0.000000E+000       0.000000E+000       9.991263E-001      -4.179172E-002       0.000000E+000       0.000000E+000
     -2      0      3       0.000000E+000       0.000000E+000       9.996117E-001      -2.786566E-002       0.000000E+000       0.000000E+000
     -1      0      3       0.000000E+000       0.000000E+000       9.999029E-001      -1.393418E-002       0.000000E+000       0.000000E+000
      0      0      3       0.000000E+000       0.000000E+000       1.000000E+000       0.000000E+000       0.000000E+000       0.000000E+000
      1      0      3       0.000000E+000       0.000000E+000       9.999029E-001       1.393418E-002       0.000000E+000       0.000000E+000
      2      0      3       0.000000E+000       0.000000E+000       9.996117E-001       2.786566E-002       0.000000E+000       0.000000E+000
      3      0      3       0.000000E+000       0.000000E+000       9.991263E-001       4.179172E-002       0.000000E+000       0.000000E+000
      4      0      3       0.000000E+000       0.000000E+000       9.984470E-001       5.570967E-002       0.000000E+000       0.000000E+000
     -3      1      3       0.000000E+000       0.000000E+000       9.991263E-001      -4.179172E-002       0.000000E+000       0.000000E+000
     -2      1      3       0.000000E+000       0.000000E+000       9.996117E-001      -2.786566E-002       0.000000E+000       0.000000E+000
     -1      1      3       0.000000E+000       0.000000E+000       9.999029E-001      -1.393418E-002       0.000000E+000       0.000000E+000
      0      1      3       0.000000E+000       0.000000E+000       1.000000E+000       0.000000E+000       0.000000E+000       0.000000E+000
      1      1      3       0.000000E+000       0.000000E+000       9.999029E-001       1.393418E-002       0.000000E+000       0.000000E+000
      2      1      3       0.000000E+000       0.000000E+000       9.996117E-001       2.786566E-002       0.000000E+000       0.000000E+000
      3      1      3       0.000000E+000       0.000000E+000       9.991263E-001       4.179172E-002       0.000000E+000       0.000000E+000
     -3      2      3       0.000000E+000       0.000000E+000       9.991263E-001      -4.179172E-002       0.000000E+000       0.000000E+000
     -2      2      3       0.000000E+000       0.000000E+000       9.996117E-001      -2.786566E-002       0.000000E+000       0.000000E+000
     -1      2      3       0.000000E+000       0.000000E+000       9.999029E-001      -1.393418E-002       0.000000E+000       0.000000E+000
      0      2      3       0.000000E+000       0.000000E+000       1.000000E+000       0.000000E+000       0.000000E+000       0.000000E+000
      1      2      3       0.000000E+000       0.000000E+000       9.999029E-001       1.393418E-002       0.000000E+000       0.000000E+000
      2      2      3       0.000000E+000       0.000000E+000       9.996117E-001       2.786566E-002       0.000000E+000       0.000000E+000
      3      2      3       0.000000E+000       0.000000E+000       9.991263E-001       4.179172E-002       0.000000E+000       0.000000E+000
     -2      3      3       0.000000E+000       0.000000E+000       9.996117E-001      -2.786566E-002       0.000000E+000       0.000000E+000
     -1      3      3       0.000000E+000       0.000000E+000       9.999029E-001      -1.393418E-002       0.000000E+000       0.000000E+000
      0      3      3       0.000000E+000       0.000000E+000       1.000000E+000       0.000000E+000       0.000000E+000       0.000000E+000
      1      3      3       0.000000E+000       0.000000E+000       9.999029E-001       1.393418E-002       0.000000E+000       0.000000E+000
      2      3      3       0.000000E+000       0.000000E+000       9.996117E-001       2.786566E-002       0.000000E+000       0.000000E+000
      0      4      3       0.000000E+000       0.000000E+000       1.000000E+000       0.000000E+000       0.000000E+000       0.000000E+000
      0     -3      4       0.000000E+000       0.000000E+000       1.000000E+000       0.000000E+000       0.000000E+000       0.000000E+000
     -2     -2      4       0.000000E+000       0.000000E+000       9.996117E-001      -2.786566E-002       0.000000E+000       0.000000E+000
     -1     -2      4       0.000000E+000       0.000000E+000       9.999029E-001      -1.393418E-002       0.000000E+000       0.000000E+000
      0     -2      4       0.000000E+000       0.000000E+000       1.000000E+000       0.000000E+000       0.000000E+000       0.000000E+000
      1     -2      4       0.000000E+000       0.000000E+000       9.999029E-001       1.393418E-002       0.000000E+000       0.000000E+000
      2     -2      4       0.000000E+000       0.000000E+000       9.996117E-001       2.786566E-002       0.000000E+000       0.000000E+000
     -2     -1      4       0.000000E+000       0.000000E+000       9.996117E-001      -2.786566E-002       0.000000E+000       0.000000E+000
     -1     -1      4       0.000000E+000       0.000000E+000       9.999029E-001      -1.393418E-002       0.000000E+000       0.000000E+000
      0     -1      4       0.000000E+000       0.000000E+000       1.000000E+000       0.000000E+000       0.000000E+000       0.000000E+000
      1     -1      4       0.000000E+000       0.000000E+000       9.999029E-001       1.393418E-002       0.000000E+000       0.000000E+000
      2     -1      4       0.000000E+000       0.000000E+000       9.996117E-001       2.786566E-002       0.000000E+000       0.000000E+000
     -3      0      4       0.000000E+000       0.000000E+000       9.991263E-001      -4.179172E-002       0.000000E+000       0.000000E+000
     -2      0      4       0.000000E+000       0.000000E+000       9.996117E-001      -2.786566E-002       0.000000E+000       0.000000E+000
     -1      0      4       0.000000E+000       0.000000E+000       9.999029E-001      -1.393418E-002       0.000000E+000       0.000000E+000
      0      0      4       0.000000E+000       0.000000E+000       1.000000E+000       0.000000E+000       0.000000E+000       0.000000E+000
      1      0      4       0.000000E+000       0.000000E+000       9.999029E-001       1.393418E-002       0.000000E+000       0.000000E+000
      2      0      4       0.000000E+000       0.000000E+000       9.996117E-001       2.786566E-002       0.000000E+000       0.000000E+000
      3      0      4       0.000000E+000       0.000000E+000       9.991263E-001       4.179172E-002       0.000000E+000       0.000000E+000
     -2      1      4       0.000000E+000       0.000000E+000       9.996117E-001      -2.786566E-002       0.000000E+000       0.000000E+000
     -1      1      4       0.000000E+000       0.000000E+000       9.999029E-001      -1.393418E-002       0.000000E+000       0.000000E+000
      0      1      4       0.000000E+000       0.000000E+000       1.000000E+000       0.000000E+000       0.000000E+000       0.000000E+000
      1      1      4       0.000000E+000       0.000000E+000       9.999029E-001       1.393418E-002       0.000000E+000       0.000000E+000
      2      1      4       0.000000E+000       0.000000E+000       9.996117E-001       2.786566E-002       0.000000E+000       0.000000E+000
     -2      2      4       0.000000E+000       0.000000E+000       9.996117E-001      -2.786566E-002       0.000000E+000       0.000000E+000
     -1      2      4       0.000000E+000       0.000000E+000       9.999029E-001      -1.393418E-002       0.000000E+000       0.000000E+000
      0      2      4       0.000000E+000       0.000000E+000       1.000000E+000       0.000000E+000       0.000000E+000       0.000000E+000
      1      2      4       0.000000E+000       0.000000E+000       9.999029E-001       1.393418E-002       0.000000E+000       0.000000E+000
      2      2      4       0.000000E+000       0.000000E+000       9.996117E-001       2.786566E-002       0.000000E+000       0.000000E+000
      0      3      4       0.000000E+000       0.000000E+000       1.000000E+000       0.000000E+000       0.000000E+000       0.000000E+000
      0      0      5       0.000000E+000       0.000000E+000       1.000000E+000       0.000000E+000       0.000000E+000       0.000000E+000
